0000 - 0
0001 - 1
0010 - 2
0011 - 3
0100 - 4
0101 - 5
0110 - 6
0111 - 7
1000 - 8
1001 - 9
1010 - A
1011 - B
1100 - C
1101 - D
1110 - E
1111 - F

A B C D   a b c d e f g
----------------------------------------
0 0 0 0   1 1 1 1 1 1 0   (0)
0 0 0 1   0 1 1 0 0 0 0   (1)
0 0 1 0   1 1 0 1 1 0 1   (2)
0 0 1 1   1 1 1 1 0 0 1   (3)
0 1 0 0   0 1 1 0 0 1 1   (4)
0 1 0 1   1 0 1 1 0 1 1   (5)
0 1 1 0   1 0 1 1 1 1 1   (6)
0 1 1 1   1 1 1 0 0 0 0   (7)
1 0 0 0   1 1 1 1 1 1 1   (8)
1 0 0 1   1 1 1 1 0 1 1   (9)
1 0 1 0   1 1 1 0 1 1 1   (A)
1 0 1 1   0 0 1 1 1 1 1   (b)
1 1 0 0   1 0 0 1 1 1 0   (C)
1 1 0 1   0 1 1 1 1 0 1   (d)
1 1 1 0   1 0 0 1 1 1 1   (E)
1 1 1 1   1 0 0 0 1 1 1   (F)